0 1e-6 9.531029 10.021513 0.235535 0.242203666667
1 1e-5 9.508007 9.998616 0.388822166667 0.402192666667
2 1e-4 9.53276875 10.025145 0.583199833333 0.605441833333
3 0.001 9.52889925 10.0230835 2.40178133333 2.51150683333
4 0.01 9.5075075 9.99807325 4.4447855 4.65747433333
5 0.1 9.5593985 10.05424825 6.00635433333 6.30775266667
6 0.3 9.56575425 10.059554 7.38876733333 7.769295
7 0.5 9.51911125 10.012087 8.19832866667 8.61557316667
8 0.7 9.513364 10.003842 9.43756133333 9.85814533333
9 0.9 9.520852 10.0121435 9.7661315 10.1238486667
10 1.0 9.5553835 10.04596475 10.0204345 10.025567
