0 1e-6 9.779614 10.3994 0.0810185 0.081413
1 1e-5 9.741829 10.36380875 0.253303 0.254214333333
2 1e-4 9.767806 10.38968175 0.4636465 0.465943
3 0.001 9.73125175 10.35429925 1.70781466667 1.72174883333
4 0.01 9.740703 10.3625715 3.32383616667 3.38734933333
5 0.1 9.76762775 10.389612 5.04003733333 5.19839583333
6 0.3 9.71578525 10.33567975 6.28753966667 6.53529
7 0.5 9.73570125 10.3567415 7.2327245 7.46156716667
8 0.7 9.74582575 10.36963925 9.38575583333 9.62209616667
9 0.9 9.77371175 10.3936195 10.1678408333 10.4115018333
10 1.0 9.76299675 10.38539875 10.311592 10.4432966667
