0 1e-6 9.748381 10.275446 0.0410915 0.0416255
1 1e-5 9.96261225 10.4886805 0.159638833333 0.161515
2 1e-4 9.661083 10.1901245 0.319802166667 0.323894166667
3 0.001 9.65113475 10.1808795 1.54277866667 1.56760616667
4 0.01 9.7049505 10.23490275 3.24718966667 3.33028016667
5 0.1 9.67164425 10.200821 5.0215365 5.20080183333
6 0.3 9.66657225 10.1944945 6.243413 6.50801083333
7 0.5 9.72530275 10.25520475 7.0262515 7.28358816667
8 0.7 9.71022625 10.2367675 9.2053195 9.44305533333
9 0.9 9.7302035 10.2569515 9.935911 10.1492228333
10 1.0 9.6996015 10.229719 10.156158 10.1972371667
