0 1e-6 9.87183 10.662135 0.0843081666667 0.0860496666667
1 1e-5 9.91943075 10.41979825 0.287126833333 0.292783666667
2 1e-4 9.88597575 10.3852425 0.3661705 0.374633166667
3 0.001 9.8980445 10.39772825 1.77579316667 1.82983883333
4 0.01 9.8676415 10.36861575 3.64527583333 3.779522
5 0.1 9.91716775 10.41853625 5.46432083333 5.69382133333
6 0.3 9.7983435 10.2978515 6.52109816667 6.82148766667
7 0.5 10.38803075 10.889008 7.41950116667 7.75273483333
8 0.7 9.96756475 10.468481 9.41290166667 9.72401566667
9 0.9 9.89757275 10.39774975 10.0467626667 10.3137153333
10 1.0 9.89122775 10.389474 10.2830428333 10.294312
