0 1e-6 0.393572 0.97131725 0.0633978333333 0.0659138333333
1 1e-5 13.848728 14.66286575 0.331921 0.347720666667
2 1e-4 13.8536945 14.6670455 0.783775 0.824727166667
3 0.001 13.84700325 14.66488825 1.41930183333 1.49486333333
4 0.01 13.87118375 14.68577125 4.2100695 4.43336916667
5 0.1 13.867997 14.683706 8.61210633333 9.0969615
6 0.3 13.8413815 14.656624 13.8489591667 14.6281908333
7 0.5 13.864754 14.6774325 13.842311 14.619134
8 0.7 13.81587925 14.6316385 13.8256068333 14.603887
9 0.9 13.86432775 14.677405 13.9004643333 14.6677435
10 1.0 13.8360095 14.65033 0.0 4.66666666667e-05
