0 1e-6 14.321956 15.19432625 0.0608798333333 0.061851
1 1e-5 14.30154775 15.17577475 0.297664333333 0.302646833333
2 1e-4 14.46413775 15.33816875 0.827592833333 0.842319833333
3 0.001 14.3860755 15.25905575 1.92798166667 1.9665415
4 0.01 14.364196 15.23621175 5.116694 5.267983
5 0.1 14.4033705 15.2757105 9.68780483333 10.1220313333
6 0.3 14.38865925 15.26587675 14.5716606667 15.3885453333
7 0.5 14.3335635 15.207063 14.5869595 15.3971245
8 0.7 14.4013635 15.277823 14.6710605 15.4692856667
9 0.9 14.305814 15.182028 14.7303541667 15.4568195
10 1.0 14.3527115 15.227854 0.0 8.43333333333e-05
