0 1e-6 16.016071 17.0515575 0.0610975 0.0617553333333
1 1e-5 16.06303 17.09732025 0.34271 0.345369
2 1e-4 16.073969 17.108961 1.30645316667 1.3151255
3 0.001 16.05397525 17.08482225 3.1882555 3.22557416667
4 0.01 16.10561125 17.13688625 6.87255183333 7.002791
5 0.1 16.04434875 17.07649775 11.7025923333 12.1336138333
6 0.3 16.0276405 17.061925 16.4145946667 17.298343
7 0.5 16.0637315 17.10148125 16.1403003333 17.0792856667
8 0.7 16.0159425 17.04734125 16.0945025 17.015466
9 0.9 16.010058 17.0432375 16.2867383333 17.1264995
10 1.0 16.09580075 17.13063375 0.0 0.000223166666667
