0 1e-6 14.520624 15.34777375 0.0570151666667 0.0583156666667
1 1e-5 14.58000025 15.41433775 0.201432666667 0.207775166667
2 1e-4 14.6739305 15.5017745 0.504822666667 0.523589833333
3 0.001 14.65501325 15.48094025 1.30502033333 1.35073483333
4 0.01 14.57996575 15.41016475 5.06001366667 5.2655405
5 0.1 14.6649575 15.49133825 9.60528166667 10.051695
6 0.3 14.6189415 15.4455415 14.7657383333 15.5347568333
7 0.5 14.5857975 15.414321 14.7486873333 15.5211585
8 0.7 14.65816425 15.4871485 14.7516395 15.522593
9 0.9 14.60638375 15.4372565 14.7917201667 15.5198086667
10 1.0 14.59635 15.4226645 0.0 5.33333333333e-05
