0 3.47632922057528e-05 0.002740601543337107
1 -3.565576434994e-06 0.004387093242257833
2 8.301210073113907e-06 0.004366353619843721
3 1.275042541237781e-05 0.004651926923543215
4 3.35733566316776e-05 0.004598328843712807
5 1.604338103788905e-05 0.006188937462866306
6 7.687666220590472e-05 0.03098909929394722
7 0.0008343721274286509 0.04085391387343407
8 0.004865279886871576 0.04029189050197601
9 0.001897573936730623 0.04055453091859818
10 0.0006618077168241143 0.03155845403671265
11 0.0004139240481890738 0.02647886052727699
12 -0.001294039655476809 0.02244479954242706
13 -0.001318434486165643 0.02086690813302994
14 5.469990810524905e-06 0.01728309877216816
15 -2.117432086379267e-05 0.009699961170554161
16 -0.0001241163117811084 0.008456259965896606
17 -4.961878948961385e-05 0.006966864690184593
18 -9.280203812522814e-06 0.006486685015261173
19 -3.939163434552029e-05 0.006624840665608644
20 -7.800530147505924e-05 0.007080442737787962
21 -8.61620792420581e-05 0.00497233122587204
22 -9.087529178941622e-06 0.002967788372188807
23 -2.232575297966832e-06 0.004684760235249996
24 -1.910241007863078e-05 0.004697156138718128
25 -1.714919562800787e-05 0.00459975516423583
26 -3.984013164881617e-05 0.004731398075819016
27 -2.347849658690393e-06 0.005686781369149685
28 1.501987298979657e-05 0.03593537211418152
29 0.001449268078431487 0.03722831979393959
30 0.002849529962986708 0.0384092889726162
31 0.0008460457902401686 0.04098576307296753
32 0.0004950515576638281 0.03026997111737728
33 0.0003247662680223584 0.02557837963104248
34 6.440083961933851e-05 0.02330119162797928
35 -0.000106963241705671 0.02182120084762573
36 -6.144901817606296e-06 0.01299638953059912
37 -0.0002042429405264556 0.01207887288182974
38 -0.0003274078480899334 0.01103611849248409
39 -0.0002383348619332537 0.008102893829345703
40 -8.667833753861487e-05 0.006748571991920471
41 -4.491140134632587e-05 0.006374820601195097
42 -0.0002283502835780382 0.005354471039026976
43 -0.0003034473047591746 0.008142753504216671
44 -2.146684710169211e-05 0.001571590197272599
45 -2.747055077634286e-06 0.003269632812589407
46 -2.523019702493912e-06 0.002997604664415121
47 -6.865212071716087e-06 0.003615314606577158
48 -9.583953215042129e-06 0.003973416518419981
49 -1.172767588286661e-05 0.004279860761016607
50 4.153080681135179e-06 0.02905776537954807
51 0.001177987200208008 0.04097409546375275
52 0.002986467676237226 0.03958917409181595
53 0.001190451206639409 0.0382230319082737
54 0.0003758599050343037 0.03288408368825912
55 0.0002249878452857956 0.02862463518977165
56 -7.092312444001436e-05 0.02169666439294815
57 -0.0001128409639932215 0.02081077359616756
58 1.913766936922912e-05 0.0159637201577425
59 -1.298132701776922e-06 0.01253962703049183
60 -0.0001776876015355811 0.01146120205521584
61 -0.0003274032787885517 0.008969522081315517
62 -0.0003451922966632992 0.007452305871993303
63 -0.0003191249852534384 0.006561989430338144
64 -7.138990622479469e-05 0.004912221804261208
65 -0.0001332161482423544 0.006050101947039366
66 -5.080501523480052e-06 0.0005063165444880724
67 -1.138410425483016e-06 0.001425614347681403
68 -2.474683924447163e-06 0.001764800399541855
69 -1.756969709276746e-06 0.002873101038858294
70 -9.313029636359715e-07 0.002652608091011643
71 -2.314343419129727e-06 0.004669163841754198
72 1.36427058805566e-06 0.02620947733521461
73 0.0004304737958591431 0.0371655710041523
74 0.00324674230068922 0.04096691310405731
75 0.003491891548037529 0.04339111968874931
76 0.0002728254185058177 0.03774090111255646
77 0.0003880267031490803 0.03979505971074104
78 0.0001186373192467727 0.02284694090485573
79 1.285669077333296e-05 0.02180983312427998
80 0.0001710898213787004 0.0198399256914854
81 3.009289503097534e-05 0.01632054150104523
82 2.51463643508032e-05 0.0126123009249568
83 -2.558942651376128e-05 0.00931478850543499
84 -0.0001083366150851361 0.009208259172737598
85 -1.046678517013788e-05 0.007131327874958515
86 -3.10632458422333e-05 0.00632826890796423
87 -2.513114668545313e-05 0.004621059168130159
88 -1.381963920721319e-05 0.0003236628836020827
89 -1.743433358569746e-06 0.001195142627693713
90 -1.787275095921359e-06 0.001401720684953034
91 -3.571625256881816e-06 0.001874457113444805
92 -1.84933867330983e-06 0.002179990755394101
93 -7.817060577508528e-06 0.003566643921658397
94 -5.257317388895899e-05 0.02393320575356483
95 0.0008465840946882963 0.04142775386571884
96 0.002505620010197163 0.04087071493268013
97 0.002608914626762271 0.04367295652627945
98 0.0002454555069562048 0.04191321507096291
99 0.0004087381821591407 0.03704515472054482
100 7.960494258441031e-05 0.02396413683891296
101 2.52928748523118e-05 0.02295514941215515
102 0.0001630547631066293 0.02424914576113224
103 1.732605960569344e-05 0.02613280341029167
104 8.231794345192611e-05 0.01423936057835817
105 6.684126128675416e-05 0.01256575528532267
106 -2.192817919421941e-05 0.01322983764111996
107 -5.392858838604297e-06 0.01061011757701635
108 -0.0002228119847131893 0.006148210261017084
109 -0.0002991839428432286 0.005578040145337582
110 -4.920695573673584e-06 0.0001754440163495019
111 -2.105964995280374e-06 0.001145163318142295
112 -1.950065598066431e-05 0.001541467383503914
113 -1.461518331780098e-05 0.002260650973767042
114 -7.984614967426751e-06 0.002013105433434248
115 -5.678203706338536e-06 0.003242356469854712
116 5.956911763860262e-07 0.02092123404145241
117 0.0005185807240195572 0.03189386054873466
118 0.001067671691998839 0.04149426519870758
119 0.006141746416687965 0.0427604466676712
120 0.0006196214235387743 0.04739455878734589
121 0.000579623447265476 0.03846544399857521
122 0.0002062474231934175 0.02879786863923073
123 4.38945644418709e-05 0.03019405156373978
124 0.0003420404100324959 0.02344322949647903
125 0.0003685157862491906 0.02495928667485714
126 0.0001308955252170563 0.02251074649393559
127 -1.699430868029594e-05 0.01941590011119843
128 3.478346479823813e-05 0.01579682528972626
129 -4.097881628695177e-06 0.01559571549296379
130 -2.952740032924339e-06 0.009997516870498657
131 -1.395747312926687e-05 0.005207306705415249
132 -2.174703922719345e-06 0.0002086000022245571
133 -7.249655595842341e-07 0.001135120284743607
134 -4.091806999895198e-07 0.001284534577280283
135 -1.072760710485454e-06 0.002052362775430083
136 -7.194726094894577e-07 0.002496828325092793
137 -1.183879021482426e-06 0.003233678406104445
138 1.138417644597212e-07 0.01817919686436653
139 0.0001834732829593122 0.02559434622526169
140 0.00109657715074718 0.0334467701613903
141 0.00702092656865716 0.04426189884543419
142 0.0006758751696906984 0.04574565961956978
143 0.0007610529428347945 0.04016787931323051
144 0.0007810156675986946 0.03188230842351913
145 0.0001872751745395362 0.03213945031166077
146 0.0006352720083668828 0.02304759435355663
147 0.0008068050374276936 0.02296898327767849
148 0.0006296588690020144 0.02541570924222469
149 0.0005533364019356668 0.024074736982584
150 7.476886094082147e-05 0.0286671444773674
151 2.220393434981816e-05 0.0198653731495142
152 -5.084987060399726e-05 0.01386554352939129
153 -3.512008697725832e-05 0.006984458304941654
154 -1.099170640372904e-05 0.0002307469112565741
155 -1.706747298158007e-06 0.0008331754943355918
156 -9.566379048919771e-07 0.001238477532751858
157 -4.011733835795894e-05 0.001859232899732888
158 -3.147050301777199e-05 0.001784419640898705
159 -1.816060830606148e-06 0.002812506631016731
160 -1.283375183902535e-09 0.01733690872788429
161 0.0003421776345930994 0.02582323737442493
162 0.001066257013007998 0.03092633187770844
163 0.004579268861562014 0.03767100721597672
164 0.0004725279577542096 0.04078785330057144
165 0.0005656776484102011 0.03489778935909271
166 0.0006759538082405925 0.03702336177229881
167 0.0002583424211479723 0.03753894940018654
168 0.0007137919892556965 0.02506395429372787
169 0.001090573146939278 0.02452876977622509
170 0.0008432109025307 0.02372022904455662
171 0.000754757784307003 0.02195839025080204
172 0.0005043363780714571 0.02233957871794701
173 0.0003233631432522088 0.02328172512352467
174 0.000165525809279643 0.02545572258532047
175 4.93484694743529e-05 0.007253274787217379
176 -1.254960079677403e-05 0.0002009593154070899
177 -1.140115614362003e-06 0.0007244971347972751
178 -5.718215447814146e-07 0.001542779384180903
179 -3.045020093850326e-06 0.00246071582660079
180 -2.35244460782269e-05 0.002202110830694437
181 -1.046732722898014e-05 0.002113808877766132
182 6.692305021260836e-08 0.01492460537701845
183 0.0003767012385651469 0.02381823025643826
184 0.00110938074067235 0.03484782204031944
185 0.003108418546617031 0.03765762969851494
186 0.0008522768621332943 0.03957105800509453
187 0.0007221056148409843 0.03491328656673431
188 0.0007482427172362804 0.03828889131546021
189 0.0002636451390571892 0.04961739107966423
190 0.001185236964374781 0.02902511693537235
191 0.001800590776838362 0.0272717010229826
192 0.001801751321181655 0.02901579812169075
193 0.001692715217359364 0.0260955523699522
194 0.0005901393014937639 0.02606724388897419
195 0.0003019458963535726 0.02550272829830647
196 0.0002273099089507014 0.0216265432536602
197 0.0001446055248379707 0.01181653887033463
198 -1.932977966134786e-06 0.0001887617254396901
199 -8.434515734734305e-07 0.0007350043160840869
200 -4.653911673813127e-07 0.001078770030289888
201 -7.893243605394673e-07 0.001554886111989617
202 -1.178479919872188e-06 0.002275862963870168
203 -2.766207671811571e-06 0.002899221144616604
204 2.362172857317546e-08 0.01696954295039177
205 0.0002618051366880536 0.0267183780670166
206 0.00100526143796742 0.03265514969825745
207 0.003210145980119705 0.03557460755109787
208 0.00146002508699894 0.03439010679721832
209 0.0005253054550848901 0.03743563592433929
210 0.0006317301304079592 0.03629681468009949
211 0.0006616095779463649 0.03445248305797577
212 0.0007923468947410583 0.02887871488928795
213 0.001998391700908542 0.02721445634961128
214 0.002428829204291105 0.0312972366809845
215 0.001641067676246166 0.03077442012727261
216 0.00135313521604985 0.02687317878007889
217 0.000498270383104682 0.02495007589459419
218 0.0001992542529478669 0.02257405966520309
219 0.0001367447257507592 0.01366094779223204
220 -2.69276983999589e-06 0.0002159251307602972
221 -2.267830041091656e-06 0.0007971528102643788
222 -2.010719072131906e-06 0.00092769117327407
223 -1.133658406615723e-05 0.001463107531890273
224 -1.354118285235018e-05 0.001485844608396292
225 -6.538200977956876e-05 0.002693825168535113
226 -8.164652172126807e-06 0.02011757530272007
227 0.0003964292991440743 0.02533701248466969
228 0.001191078685224056 0.03156693279743195
229 0.003964115399867296 0.03603894263505936
230 0.001596987713128328 0.03768544644117355
231 0.001125442911870778 0.03702420741319656
232 0.001294563408009708 0.0378950834274292
233 0.0001519119541626424 0.03362131118774414
234 0.0008311319979839027 0.02978008985519409
235 0.001542759709991515 0.02607466466724873
236 0.002202662639319897 0.03854568302631378
237 0.002133667236194015 0.02618393488228321
238 0.0008105008164420724 0.02492157183587551
239 0.0004216015222482383 0.0229448676109314
240 2.999393473146483e-05 0.01703024655580521
241 -0.0001502595259808004 0.01260799076408148
242 -5.039294592279475e-06 0.0003999246982857585
243 -7.810864417479024e-07 0.001072982558980584
244 -2.008565388678107e-06 0.001227819477207959
245 -1.52041445744544e-06 0.001641076640225947
246 -7.080720479279989e-06 0.001734926365315914
247 -6.510680395876989e-05 0.003095792839303613
248 -8.255778993770946e-07 0.01856153644621372
249 0.0002753240987658501 0.02327734231948853
250 0.001037863665260375 0.03356542810797691
251 0.004533352330327034 0.04276679456233978
252 0.001301900250837207 0.0368308499455452
253 0.001281215809285641 0.03900538384914398
254 0.0008208903018385172 0.03678270801901817
255 0.0003886471386067569 0.03340841084718704
256 0.0005816278280690312 0.02792417444288731
257 0.0008469177992083132 0.02742609940469265
258 0.00106364767998457 0.02475124225020409
259 0.0005870533641427755 0.02287999726831913
260 0.0006365542067214847 0.01829318702220917
261 6.308800948318094e-05 0.01652025803923607
262 -0.0001943368697538972 0.01418206095695496
263 -0.0001909842831082642 0.009621006436645985
264 -2.954610863525886e-06 0.0005001098616048694
265 -8.482766133965924e-07 0.001227738801389933
266 -1.011243512039073e-06 0.001847680425271392
267 -1.125600874729571e-06 0.002305509988218546
268 -1.431856844646973e-06 0.00322489021345973
269 -1.018246962303238e-06 0.004061549436300993
270 3.412333171581849e-07 0.02290450409054756
271 0.0006422613514587283 0.02862735837697983
272 0.0009146946831606328 0.03743481263518333
273 0.004287938121706247 0.04323998838663101
274 0.001850341097451746 0.03954636678099632
275 0.000929843750782311 0.03398484736680984
276 0.0004853196442127228 0.03276858478784561
277 0.0001137110666604713 0.03079298697412014
278 0.0003115767322015017 0.02377749793231487
279 0.0004199802642688155 0.02153646200895309
280 0.000417489733081311 0.02366727031767368
281 0.0001432884746463969 0.01802709326148033
282 0.0001908507256302983 0.01572823897004128
283 -7.233926680783043e-06 0.01286450587213039
284 -4.739049472846091e-07 0.01035219896584749
285 -3.643252421170473e-05 0.00647713290527463
286 -1.525952211522963e-05 0.0006064373883418739
287 -1.406631668032787e-06 0.002124007791280746
288 -3.68723976862384e-06 0.002494835993275046
289 -7.884075785113964e-06 0.003027657512575388
290 -9.770162250788417e-06 0.00298761879093945
291 -1.005468766379636e-05 0.003423833288252354
292 8.124368946482718e-07 0.02296443283557892
293 0.0005521837156265974 0.0314110703766346
294 0.001359550398774445 0.04140585288405418
295 0.005796861369162798 0.03952660039067268
296 0.001198949292302132 0.04258350282907486
297 0.0009122376213781536 0.03491491079330444
298 0.0001407825329806656 0.02938078716397285
299 1.844874168455135e-05 0.02457470819354057
300 0.0003443143214099109 0.01943640783429146
301 0.0001703888701740652 0.01982074230909348
302 1.326807614532299e-05 0.01594863645732403
303 0.0001799583405954763 0.01229017693549395
304 5.768576374975964e-05 0.009479905478656292
305 -2.057645906461403e-05 0.009074479341506958
306 -0.0001090157020371407 0.007624323479831219
307 -8.439916564384475e-05 0.006331303156912327
308 -4.029596311738715e-05 0.002356801880523562
309 -2.752351747403736e-06 0.003209150861948729
310 -8.441485078947153e-06 0.003437185660004616
311 -4.111789166927338e-05 0.003831467824056745
312 -3.969873796449974e-05 0.003707343246787786
313 -2.392328315181658e-05 0.004064443521201611
314 1.792872922123934e-06 0.02766245417296886
315 0.0004392405971884727 0.04142554476857185
316 0.001592937391251326 0.03978855907917023
317 0.005061081610620022 0.03954410180449486
318 0.0009526912472210824 0.03945927694439888
319 0.0007821751642040908 0.03028381615877151
320 -7.653838110854849e-06 0.02660234458744526
321 -3.495697819744237e-05 0.02418306842446327
322 1.294246521865716e-05 0.01743976026773453
323 -0.0005194435361772776 0.01636927202343941
324 -0.0002246953954454511 0.01481410302221775
325 -8.455690840492025e-05 0.009451366029679775
326 -8.675426943227649e-05 0.008196637965738773
327 -3.157719766022637e-05 0.007295477669686079
328 -0.0001288644853048027 0.006806950084865093
329 -2.173558823415078e-05 0.003952151630073786
330 -5.859827069798484e-06 0.003219146747142076
331 -4.943242856825236e-06 0.004580213222652674
332 -8.645422440167749e-07 0.004475825931876898
333 1.648630586714717e-06 0.004632019903510809
334 1.371809958072845e-06 0.004350842442363501
335 -4.284707415536104e-07 0.004995807074010372
336 6.918244253029115e-06 0.02577041834592819
337 0.0004475732566788793 0.03661077842116356
338 0.002338708145543933 0.03970620781183243
339 0.00358232669532299 0.04052707925438881
340 0.0009357724338769913 0.0411701500415802
341 0.0005456061335280538 0.03136605024337769
342 -0.0002596194390207529 0.02609855867922306
343 -0.00025226577417925 0.02244963124394417
344 -0.0002453664201311767 0.01742552779614925
345 -0.0002958166878670454 0.01291830837726593
346 -0.0001896596077131107 0.009137989021837711
347 -8.865876588970423e-05 0.007005057297646999
348 -8.422839164268225e-05 0.007266274653375149
349 -8.2040460256394e-05 0.007064899895340204
350 -0.0004081523511558771 0.006816789507865906
351 -0.0004545143456198275 0.00499675003811717
352 1.236959269590443e-05 0.002476934809237719
353 1.677049453974178e-06 0.004847780335694551
354 5.233238425716991e-06 0.004560500383377075
355 2.126560684700962e-05 0.004629632923752069
356 2.794250758597627e-05 0.004619428887963295
357 8.864683877618518e-06 0.005890585482120514
358 7.111580634955317e-05 0.02656955644488335
359 0.0006641247891820967 0.03999833762645721
360 0.002614887896925211 0.0371553897857666
361 0.002556900260969996 0.03968380764126778
362 0.0004184405552223325 0.03611355274915695
363 0.0001324149343417957 0.02826532535254955
364 0.0001155233403551392 0.02542961947619915
365 -0.0001291308435611427 0.02084824442863464
366 -0.0003695847117342055 0.01289683394134045
367 -0.0001320597948506474 0.009163396432995796
368 -0.000196729670278728 0.00768422894179821
369 -9.604220394976437e-06 0.007712871301919222
370 -5.032329113419109e-07 0.006208867765963078
371 -9.721433343656827e-06 0.008147373795509338
372 -0.0001327292702626437 0.00635240413248539
373 -3.883647150360048e-05 0.005297835450619459
374 9.34610070544295e-05 0.001738460967317224
375 4.173594425083138e-05 0.004312599543482065
376 1.924894604599103e-05 0.003916419111192226
377 6.666620902251452e-05 0.004420744720846415
378 2.537884938647039e-05 0.004372308496385813
379 1.566996434121393e-05 0.005183275789022446
380 0.0001832773559726775 0.02216733060777187
381 0.001692272839136422 0.03138288110494614
382 0.004232557956129313 0.03283781558275223
383 0.00348030379973352 0.03527031093835831
384 0.0009448848431929946 0.03433547914028168
385 0.0002704007783904672 0.02680040523409843
386 0.000280686334008351 0.02153560146689415
387 3.342159470776096e-05 0.01967539265751839
388 5.155179678695276e-05 0.01743857935070992
389 1.551855530124158e-05 0.008943407796323299
390 1.67071120813489e-05 0.007601951248943806
391 1.85634689842118e-05 0.005553681403398514
392 3.588064828363713e-06 0.004576575476676226
393 -6.251550530578243e-06 0.004913531243801117
394 -9.72076304606162e-06 0.005700302310287952
395 -4.764238110510632e-05 0.005290268454700708
in sumary:
min: -0.001318434486165643
max: 0.04961739107966423
worker-1 used time: 0.619316
