0 1e-6 14.700346 15.730996 0.0662376666667 0.0668505
1 1e-5 14.69012925 15.714427 0.2948925 0.297506
2 1e-4 14.71855425 15.737341 1.203755 1.2123615
3 0.001 14.691397 15.7123305 2.95505716667 2.99221383333
4 0.01 14.662779 15.68522625 6.27330066667 6.40278683333
5 0.1 14.713451 15.73179025 10.9451438333 11.3743986667
6 0.3 14.72165475 15.74349925 15.1162691667 15.991758
7 0.5 14.663373 15.6852505 15.0014351667 15.9296281667
8 0.7 14.75354675 15.77475225 14.956455 15.8657795
9 0.9 14.6953575 15.7165235 15.0596011667 15.8935591667
10 1.0 14.6599015 15.68179225 15.043026 15.043219
