0 1e-6 14.066853 14.876965 0.072927 0.0754401666667
1 1e-5 14.04017625 14.85726225 0.319142333333 0.334889166667
2 1e-4 14.07703 14.88953275 0.788025833333 0.828249
3 0.001 14.02113825 14.83330875 1.3924925 1.46794366667
4 0.01 14.12137125 14.9311595 4.24289933333 4.46503083333
5 0.1 14.12933125 14.94151375 8.63090216667 9.11512233333
6 0.3 14.090094 14.89988625 13.9643385 14.7416553333
7 0.5 14.06912525 14.8811275 13.9399158333 14.7174296667
8 0.7 14.0672395 14.87906025 13.8987318333 14.6743053333
9 0.9 14.070502 14.88117175 14.0043211667 14.7673346667
10 1.0 14.02349325 14.83531775 14.130795 14.132321
