0 1e-6 10.1323025 10.8554495 0.0511791666667 0.052488
1 1e-5 15.03637025 15.862803 0.21461 0.220936833333
2 1e-4 14.763714 15.59020175 0.515828666667 0.534529333333
3 0.001 14.79546925 15.6224765 1.207795 1.2533685
4 0.01 14.80027075 15.62871075 5.139501 5.34326883333
5 0.1 14.7819485 15.6057955 9.66237466667 10.1077908333
6 0.3 14.750717 15.58079375 14.8180441667 15.5847741667
7 0.5 14.78387825 15.609982 14.8690663333 15.63914
8 0.7 14.808364 15.63485275 14.8380365 15.6058095
9 0.9 14.760261 15.58711525 14.8446375 15.5683278333
10 1.0 14.75039325 15.5767195 14.858602 14.858755
