0 1e-6 14.350259 15.2193365 0.0589466666667 0.0599421666667
1 1e-5 14.48391875 15.3566865 0.2510475 0.256030833333
2 1e-4 14.38716325 15.2609565 0.799351333333 0.813997166667
3 0.001 14.401429 15.275474 1.87950733333 1.9179025
4 0.01 14.48553125 15.3566665 5.217355 5.36756333333
5 0.1 14.48183725 15.35245625 9.66114933333 10.0925733333
6 0.3 14.42506875 15.29634275 14.607154 15.42162
7 0.5 14.3997765 15.2734465 14.6079703333 15.4149438333
8 0.7 14.45705275 15.3276065 14.6322825 15.4302633333
9 0.9 14.43802075 15.3150655 14.7163383333 15.4413053333
10 1.0 14.48055075 15.35457825 14.780814 14.781095
